19 74 65 12 10 86 57 71 29 35 24 40 30 27 16 71 
56 59 50 30 88 25 31 58 45 27 28 63 53 60 81 28 
23 52 81 55 42 29 51 55 23 39 71 64 67 37 81 79 
26 19 57 39 29 14 29 19 74 58 35 64 40 13 40 36 
67 16 52 65 77 83 22 81 35 68 55 15 28 27 44 57 
40 77 51 15 15 30 75 88 45 23 50 86 69 69 18 18 
42 25 31 17 61 86 32 57 60 20 41 31 61 18 68 11 
86 79 79 38 17 39 60 81 51 24 49 77 45 63 37 19 
65 35 68 78 87 56 89 61 80 27 31 33 73 16 45 28 
55 48 26 50 54 54 38 46 42 10 51 24 62 28 78 11 
89 67 76 70 18 68 81 18 29 39 74 46 26 38 53 79 
63 68 58 64 57 55 88 24 24 39 49 29 33 53 72 71 
25 37 23 34 75 61 85 42 71 81 72 70 53 66 83 54 
70 34 34 64 47 34 52 35 79 87 22 51 75 74 16 29 
62 21 21 80 84 75 33 23 53 58 61 72 36 57 37 12 
71 69 25 35 26 40 14 13 47 65 70 88 46 64 26 24 
