87 11 20 57 37 33 62 61 16 34 35 62 22 69 58 58 
87 63 61 82 27 87 39 50 83 11 89 80 32 60 73 79 
29 63 73 31 22 63 29 38 72 73 45 67 66 58 87 14 
42 17 64 89 10 70 11 74 80 87 32 13 43 31 83 57 
45 34 77 71 21 17 44 38 81 60 42 85 51 58 53 53 
64 82 84 71 89 27 53 20 66 10 28 68 23 55 36 80 
37 36 30 36 69 47 84 67 22 20 16 52 10 21 58 21 
26 59 38 82 34 71 39 62 11 34 45 52 37 56 16 33 
88 54 63 75 28 89 79 50 75 39 46 18 38 52 25 52 
53 33 36 55 49 53 25 29 63 63 34 66 30 49 46 43 
49 25 59 72 34 47 24 34 18 70 85 79 16 46 72 52 
88 49 80 18 42 48 63 59 54 40 27 17 10 28 75 45 
81 73 11 70 79 73 75 51 23 63 53 47 66 67 79 18 
33 83 58 19 35 74 66 34 59 13 19 65 27 68 38 28 
53 38 27 10 24 79 52 54 52 65 19 79 56 74 28 89 
55 82 59 51 52 49 85 10 61 19 48 48 87 73 66 87 
