37566 38945 37029 37866 30876 38627 35797 28201 35025 23509 28954 38208 25995 36036 36816 34450 
45343 38904 40700 41243 29117 45833 41014 37102 41552 34787 31824 45749 30917 43996 42376 39619 
46735 43412 44248 44734 33736 50457 43144 38464 43630 40104 36437 48212 35885 46223 50312 42912 
35676 28428 31670 31628 22860 35598 30796 27441 32590 29276 24277 29997 23528 30818 34106 28741 
42481 37996 42434 47737 31970 42099 37540 34524 41145 36706 32315 46309 31666 43874 41934 41853 
44953 41198 39251 41648 32916 47269 42052 37697 35776 29827 33256 41797 25867 39962 43254 33787 
39178 33797 34362 38144 29171 37125 35229 30272 33131 28959 26838 38666 25142 36855 33296 34598 
49496 42283 43598 45734 33295 50872 43864 41558 41035 34661 35826 46595 29237 45023 47784 39672 
49586 41149 44861 51587 35518 49471 45945 43003 45165 40554 34833 47005 34146 45544 48912 41527 
39825 32228 33704 39152 27259 39673 34603 32949 33815 31097 28508 39549 25815 37534 36706 35839 
50150 41845 45966 47228 36040 48783 44876 39515 44846 37079 36595 49577 32585 46358 52356 46423 
47007 41346 43996 45402 34412 47819 44321 38624 45061 36018 34247 49935 33056 45849 48885 44988 
53074 46389 48732 49130 39709 53084 50354 41580 48507 40462 36661 53052 33952 49231 49265 47615 
47936 39254 40164 45528 33459 47296 42922 37843 42338 35614 31303 41761 29459 42643 44588 36985 
46070 35817 44001 44828 31396 41904 38535 36425 42842 36577 30544 42844 26533 40536 43653 40256 
46252 35104 38777 39495 29227 41940 36778 32826 37942 30949 31890 40076 23836 38727 42256 37076 
